811793442
812977032
813612992
814055922
815664582
816022932
816488362
817580122
818481152
819731322
819784922
821186382
822659292
825091912
837000602
876862522
881452642
882578402
882722422
883409442
883743512
884133572
885209432
885316522
885719422
886813082
889775912
893136932
894625902
894759372
897392232
910629085
910747711
911161230
911161419
911608103
911610744
912015238
912262510
912589455
912609987
912692094
913117883
913283805
913344162
913422082
913755855
914183332
914224314
914353561
914526647
914670705
914791723
914827922
915123678
915190715
915300219
915334504
915442552
915990487
915994415
916047967
916146337
916170858
916286074
916325010
916329717
916335784
916635001
917114684
917203261
917339937
917378819
917619727
917809755
917853908
918293477
918579176
918710507
919117060
919441879
919645636
919702974
919784725
919784814
919818824
920126839
920341659
920428959
920535763
920871372
921042434
921275730
921332017
921668236
921757131
921761929
921979819
921995938
922876878
922997748
923030891
923456570
923534717
923622845
925109185
925216534
925470996
925745855
926501836
926655779
926751352
926875701
926994387
927116758
927894254
928103668
928211398
928679969
929228723
929975200
930097683
930097705
930097748
930183350
930258008
930622974
931186744
931863444
932144336
932176076
932256134
932324997
933129950
933444724
934039254
935480507
935948878
936560288
936661386
937070632
937270062
937305354
937557922
937843860
938497257
938701237
938752648
938786054
940379016
940712580
942763654
945958405
946231819
947942638
948432617
950264799
952507729
952587687
952662813
953452626
958457952
959657769
960329856
960514718
961056268
961922976
962977006
964118191
965437150
966833300
966840528
967247359
971047917
971142138
975350940
975856844
975871096
975959171
975960714
976502744
976542223
976565967
976769511
977047587
977066727
977199611
977213193
977263646
977389666
979334109
979419287
979487916
979491514
979655215
980322939
980411133
981384016
981397568
982254604
982423767
982594421
983392970
983415652
983415660
983522025
984460198
984661185
984980744
985052441
985131406
985402779
985461791
985848718
985940460
986228608
986392858
986519904
986619968
987390689
987570067
987643935
988044113
988247111
988445177
988597627
989009001
989085557
989278835
989578790
990236186
991742255
992318899
992714409
993450782
993491780
993924741
994674099
995244071
995518333
995548194
995643316
995666553
995915820
996888142
997732812
997732863
997747054
997754123
997800419
997898397
998232058
999221963
999320600
DK-14705627
DK-26259495
DK-28316745
DK-29783535
DK-35954716
DK-38714295
DK-AGRAIN
DK-BCCATER
DK-COOPDKMAD
DK-DAGROFA
DK-DANSKCATER
DK-HORKRAM
DK-IRMA
DK-RETNEMT
DK-TGTG
DK-AARSTID
FI-0110456-8
FI-0116323-9
FI-0697627-4
FI-0777402-5
FI-1615492-7
FI-2449777-9
FI-2646674-9
FI-FOODORA
FI-KESPRO
FI-MEIRA
FI-METRO-T
FI-RUOKAB
FI-STOCKHERKKU
FI-VALIO-AIMO
IS-411003-3370
IS-430698-3549
IS-450199-3389
IS-500269-3249
IS-540206-2010
IS-571298-3769
IS-670203-2120
IS-711298-2239
NL-PEELPIO
NO-948202063-EIE
NO-961483584-EIE
NO-961483584-EIEH
NO-961483584-VT
NO-961483584-VTEIE
NO-ALGINOR
NO-AVISOMO
NO-BIOMEGA
NO-BJERCKE-EIE
NO-BOKV112
NO-BONDENS
NO-CHR-AREAL
NO-COOP-MN
NO-COOP-RAUF
NO-COOP-SV
NO-CULTIVATE
NO-DYRKET
NO-ECDAHLS-EIE
NO-GREVEBIO
NO-HIMMELGR
NO-HOFSETHBC
NO-HORDAFOR
NO-ICA-NO
NO-IKLYKKE-EIE
NO-JJ-EIE
NO-JJ-INV
NO-LIDL
NO-NORENGROS
NO-OSLO-KOOP
NO-REBUS-HEIE
NO-REBUS-UTV
NO-REITAN-EIE
NO-REITAN-HOLD
NO-RELOG
NO-SERVICEGR
SE-556000-3575
SE-556004-7903
SE-556021-0261
SE-556033-8518
SE-556048-2837
SE-556113-8826
SE-556163-2232
SE-556223-6959
SE-556424-2537
SE-556542-5353
SE-556559-1135
SE-556597-2451
SE-702001-3469
SE-969697-6594
SE-CHEFFELO
SE-CIBUS-NRE
SE-LINAS
SE-MARTIN-SERV
SE-MATHEM
SE-MATSE
SE-MATSMART
SE-MENIGO
SE-ODA